100 0 0.9125 0.944517
600 0 0.939583 0.944517
1100 0 0.954545 0.944517
1600 0 0.939844 0.944517
2100 0 0.9625 0.944517
2600 0 0.935096 0.944517
3100 0 0.949597 0.944517
3600 0 0.941319 0.944517
4100 0 0.953659 0.944517
4600 0 0.93587 0.944517
5100 0 0.93701 0.944517
5600 0 0.940848 0.944517
6100 0 0.952459 0.944517
6600 0 0.943561 0.944517
7100 0 0.946831 0.944517
7600 0 0.947862 0.944517
8100 0 0.943364 0.944517
8600 0 0.941424 0.944517
9100 0 0.943132 0.944517
9600 0 0.940495 0.944517
10100 0 0.949134 0.944517
10600 0 0.951061 0.944517
11100 0 0.955968 0.944517
11600 0 0.942672 0.944517
12100 0 0.945351 0.944517
12600 0 0.947222 0.944517
13100 0 0.935019 0.944517
13600 0 0.940625 0.944517
14100 0 0.94672 0.944517
14600 0 0.94161 0.944517
15100 0 0.940977 0.944517
15600 0 0.947596 0.944517
16100 0 0.949068 0.944517
16600 0 0.949021 0.944517
17100 0 0.932749 0.944517
17600 0 0.948366 0.944517
18100 0 0.951381 0.944517
18600 0 0.945027 0.944517
19100 0 0.94483 0.944517
19600 0 0.946747 0.944517
20100 0 0.938495 0.944517
20600 0 0.949697 0.944517
21100 0 0.948934 0.944517
21600 0 0.946644 0.944517
22100 0 0.947738 0.944517
22600 0 0.943197 0.944517
23100 0 0.942911 0.944517
23600 0 0.936441 0.944517
24100 0 0.947355 0.944517
24600 0 0.941717 0.944517
25100 0 0.943924 0.944517
25600 0 0.945898 0.944517
26100 0 0.949665 0.944517
26600 0 0.946758 0.944517
27100 0 0.947555 0.944517
27600 0 0.945879 0.944517
28100 0 0.95 0.944517
28600 0 0.944974 0.944517
29100 0 0.946306 0.944517
29600 0 0.946115 0.944517
30100 0 0.941154 0.944517
30600 0 0.946528 0.944517
31100 0 0.950482 0.944517
31600 0 0.945174 0.944517
32100 0 0.948637 0.944517
32600 0 0.94467 0.944517
33100 0 0.944373 0.944517
33600 0 0.944494 0.944517
34100 0 0.941532 0.944517
34600 0 0.939017 0.944517
35100 0 0.941916 0.944517
35600 0 0.943329 0.944517
36100 0 0.941863 0.944517
36600 0 0.946755 0.944517
37100 0 0.945586 0.944517
37600 0 0.945545 0.944517
38100 0 0.945505 0.944517
38600 0 0.947021 0.944517
39100 0 0.94351 0.944517
39600 0 0.944571 0.944517
40100 0 0.945324 0.944517
40600 0 0.94064 0.944517
41100 0 0.947962 0.944517
41600 0 0.942428 0.944517
42100 0 0.944062 0.944517
42600 0 0.94331 0.944517
43100 0 0.946926 0.944517
43600 0 0.947076 0.944517
44100 0 0.941667 0.944517
44600 0 0.943778 0.944517
45100 0 0.946674 0.944517
45600 0 0.941365 0.944517
46100 0 0.946556 0.944517
46600 0 0.946888 0.944517
47100 0 0.946948 0.944517
47600 0 0.944774 0.944517
48100 0 0.947115 0.944517
48600 0 0.944213 0.944517
49100 0 0.937984 0.944517
49600 0 0.9438 0.944517
50100 0 0.943987 0.944517
50600 0 0.94291 0.944517
51100 0 0.94545 0.944517
51600 0 0.945858 0.944517
52100 0 0.939275 0.944517
52600 0 0.947196 0.944517
53100 0 0.944303 0.944517
53600 0 0.941138 0.944517
54100 0 0.943623 0.944517
54600 0 0.943361 0.944517
55100 0 0.945803 0.944517
55600 0 0.945886 0.944517
56100 0 0.944251 0.944517
56600 0 0.942314 0.944517
57100 0 0.944133 0.944517
57600 0 0.943902 0.944517
58100 0 0.941609 0.944517
58600 0 0.942897 0.944517
59100 0 0.945368 0.944517
59600 0 0.946036 0.944517
60100 0 0.943844 0.944517
60600 0 0.944616 0.944517
61100 0 0.941776 0.944517
61600 0 0.943486 0.944517
62100 0 0.942713 0.944517
62600 0 0.944968 0.944517
63100 0 0.942769 0.944517
63600 0 0.945637 0.944517
64100 0 0.951775 0.944517
64600 0 0.94642 0.944517
65100 0 0.945315 0.944517
65600 0 0.940606 0.944517
66100 0 0.944138 0.944517
66600 0 0.944388 0.944517
67100 0 0.944318 0.944517
67600 0 0.946228 0.944517
68100 0 0.946549 0.944517
68600 0 0.942857 0.944517
69100 0 0.940774 0.944517
69600 0 0.946462 0.944517
70100 0 0.942618 0.944517
70600 0 0.9429 0.944517
71100 0 0.943706 0.944517
71600 0 0.941498 0.944517
72100 0 0.944383 0.944517
72600 0 0.94418 0.944517
73100 0 0.947863 0.944517
73600 0 0.944599 0.944517
74100 0 0.940992 0.944517
74600 0 0.945761 0.944517
75100 0 0.943442 0.944517
75600 0 0.945106 0.944517
76100 0 0.947815 0.944517
76600 0 0.944076 0.944517
77100 0 0.945606 0.944517
77600 0 0.944201 0.944517
78100 0 0.939501 0.944517
78600 0 0.945674 0.944517
79100 0 0.946365 0.944517
79600 0 0.941096 0.944517
80100 0 0.944226 0.944517
80600 0 0.942478 0.944517
81100 0 0.944205 0.944517
81600 0 0.941942 0.944517
82100 0 0.941352 0.944517
82600 0 0.942373 0.944517
83100 0 0.946631 0.944517
83600 0 0.946382 0.944517
84100 0 0.945199 0.944517
84600 0 0.945922 0.944517
85100 0 0.946196 0.944517
85600 0 0.942626 0.944517
86100 0 0.94518 0.944517
86600 0 0.943057 0.944517
87100 0 0.946168 0.944517
87600 0 0.945947 0.944517
88100 0 0.945857 0.944517
88600 0 0.943637 0.944517
89100 0 0.947194 0.944517
89600 0 0.946164 0.944517
90100 0 0.939997 0.944517
90600 0 0.946233 0.944517
91100 0 0.945733 0.944517
91600 0 0.943054 0.944517
92100 0 0.946023 0.944517
92600 0 0.943993 0.944517
93100 0 0.942871 0.944517
93600 0 0.946047 0.944517
94100 0 0.945165 0.944517
94600 0 0.945349 0.944517
95100 0 0.947476 0.944517
95600 0 0.944417 0.944517
96100 0 0.943314 0.944517
96600 0 0.944824 0.944517
97100 0 0.947618 0.944517
97600 0 0.945095 0.944517
98100 0 0.943489 0.944517
98600 0 0.944878 0.944517
99100 0 0.9444 0.944517
99600 0 0.946549 0.944517
100 1 0.583328 0.944517
600 1 1.00462 0.944517
1100 1 1.07827 0.944517
1600 1 0.960061 0.944517
2100 1 0.907399 0.944517
2600 1 0.960996 0.944517
3100 1 0.981622 0.944517
3600 1 1.00192 0.944517
4100 1 0.939016 0.944517
4600 1 0.984895 0.944517
5100 1 0.909306 0.944517
5600 1 0.967005 0.944517
6100 1 0.948307 0.944517
6600 1 0.998729 0.944517
7100 1 0.929765 0.944517
7600 1 0.872434 0.944517
8100 1 0.949409 0.944517
8600 1 0.912298 0.944517
9100 1 0.957256 0.944517
9600 1 0.945883 0.944517
10100 1 0.904832 0.944517
10600 1 0.974048 0.944517
11100 1 0.980096 0.944517
11600 1 0.959642 0.944517
12100 1 0.995515 0.944517
12600 1 0.973757 0.944517
13100 1 0.970729 0.944517
13600 1 0.883571 0.944517
14100 1 0.958423 0.944517
14600 1 0.96622 0.944517
15100 1 0.907829 0.944517
15600 1 0.917371 0.944517
16100 1 0.959533 0.944517
16600 1 0.930045 0.944517
17100 1 0.934121 0.944517
17600 1 0.914765 0.944517
18100 1 0.955562 0.944517
18600 1 0.953397 0.944517
19100 1 0.949308 0.944517
19600 1 0.94394 0.944517
20100 1 0.926263 0.944517
20600 1 0.95428 0.944517
21100 1 0.977282 0.944517
21600 1 0.905599 0.944517
22100 1 0.955497 0.944517
22600 1 0.931776 0.944517
23100 1 0.961692 0.944517
23600 1 0.932254 0.944517
24100 1 0.975844 0.944517
24600 1 0.948896 0.944517
25100 1 0.933093 0.944517
25600 1 0.946389 0.944517
26100 1 0.964391 0.944517
26600 1 0.933837 0.944517
27100 1 0.956787 0.944517
27600 1 0.937341 0.944517
28100 1 0.986399 0.944517
28600 1 0.948418 0.944517
29100 1 0.967536 0.944517
29600 1 0.932471 0.944517
30100 1 0.958971 0.944517
30600 1 0.947432 0.944517
31100 1 0.966274 0.944517
31600 1 0.934371 0.944517
32100 1 0.957979 0.944517
32600 1 0.964758 0.944517
33100 1 0.938142 0.944517
33600 1 0.938649 0.944517
34100 1 0.919184 0.944517
34600 1 0.926413 0.944517
35100 1 0.948116 0.944517
35600 1 0.949001 0.944517
36100 1 0.937472 0.944517
36600 1 0.953619 0.944517
37100 1 0.954656 0.944517
37600 1 0.923861 0.944517
38100 1 0.947972 0.944517
38600 1 0.947279 0.944517
39100 1 0.948592 0.944517
39600 1 0.92925 0.944517
40100 1 0.953303 0.944517
40600 1 0.9248 0.944517
41100 1 0.950688 0.944517
41600 1 0.942533 0.944517
42100 1 0.954663 0.944517
42600 1 0.926798 0.944517
43100 1 0.929806 0.944517
43600 1 0.945009 0.944517
44100 1 0.939806 0.944517
44600 1 0.938208 0.944517
45100 1 0.931902 0.944517
45600 1 0.941299 0.944517
46100 1 0.95007 0.944517
46600 1 0.957192 0.944517
47100 1 0.924119 0.944517
47600 1 0.965065 0.944517
48100 1 0.934619 0.944517
48600 1 0.944407 0.944517
49100 1 0.936968 0.944517
49600 1 0.960649 0.944517
50100 1 0.940583 0.944517
50600 1 0.926677 0.944517
51100 1 0.925601 0.944517
51600 1 0.920211 0.944517
52100 1 0.949634 0.944517
52600 1 0.961309 0.944517
53100 1 0.945482 0.944517
53600 1 0.956615 0.944517
54100 1 0.93771 0.944517
54600 1 0.939806 0.944517
55100 1 0.95104 0.944517
55600 1 0.921505 0.944517
56100 1 0.95419 0.944517
56600 1 0.9291 0.944517
57100 1 0.948376 0.944517
57600 1 0.9366 0.944517
58100 1 0.9354 0.944517
58600 1 0.940359 0.944517
59100 1 0.960369 0.944517
59600 1 0.942688 0.944517
60100 1 0.943419 0.944517
60600 1 0.94478 0.944517
61100 1 0.955665 0.944517
61600 1 0.946803 0.944517
62100 1 0.955149 0.944517
62600 1 0.942395 0.944517
63100 1 0.955265 0.944517
63600 1 0.942405 0.944517
64100 1 0.946278 0.944517
64600 1 0.957465 0.944517
65100 1 0.940553 0.944517
65600 1 0.952651 0.944517
66100 1 0.9578 0.944517
66600 1 0.945062 0.944517
67100 1 0.958594 0.944517
67600 1 0.931944 0.944517
68100 1 0.946231 0.944517
68600 1 0.947129 0.944517
69100 1 0.934366 0.944517
69600 1 0.936454 0.944517
70100 1 0.938373 0.944517
70600 1 0.950043 0.944517
71100 1 0.950335 0.944517
71600 1 0.94302 0.944517
72100 1 0.938368 0.944517
72600 1 0.956947 0.944517
73100 1 0.938698 0.944517
73600 1 0.931132 0.944517
74100 1 0.938232 0.944517
74600 1 0.947191 0.944517
75100 1 0.936225 0.944517
75600 1 0.939806 0.944517
76100 1 0.934526 0.944517
76600 1 0.93401 0.944517
77100 1 0.950903 0.944517
77600 1 0.950163 0.944517
78100 1 0.946695 0.944517
78600 1 0.947352 0.944517
79100 1 0.963118 0.944517
79600 1 0.948519 0.944517
80100 1 0.962625 0.944517
80600 1 0.958704 0.944517
81100 1 0.954352 0.944517
81600 1 0.952793 0.944517
82100 1 0.930767 0.944517
82600 1 0.953146 0.944517
83100 1 0.937818 0.944517
83600 1 0.953258 0.944517
84100 1 0.939383 0.944517
84600 1 0.936244 0.944517
85100 1 0.941482 0.944517
85600 1 0.942116 0.944517
86100 1 0.935629 0.944517
86600 1 0.959191 0.944517
87100 1 0.944755 0.944517
87600 1 0.946909 0.944517
88100 1 0.935024 0.944517
88600 1 0.942696 0.944517
89100 1 0.942862 0.944517
89600 1 0.94563 0.944517
90100 1 0.954733 0.944517
90600 1 0.929505 0.944517
91100 1 0.92387 0.944517
91600 1 0.937401 0.944517
92100 1 0.957224 0.944517
92600 1 0.938407 0.944517
93100 1 0.950493 0.944517
93600 1 0.958191 0.944517
94100 1 0.947831 0.944517
94600 1 0.930591 0.944517
95100 1 0.943998 0.944517
95600 1 0.944857 0.944517
96100 1 0.936401 0.944517
96600 1 0.952186 0.944517
97100 1 0.944078 0.944517
97600 1 0.945119 0.944517
98100 1 0.945158 0.944517
98600 1 0.938097 0.944517
99100 1 0.946706 0.944517
99600 1 0.940783 0.944517
